,loss,relative_loss,val_loss,val_relative_loss
0,0.1167650893330574,0.008746364153921604,0.055571988224983215,0.00670985784381628
1,0.051258306950330734,0.006535586901009083,0.04651918262243271,0.006381929386407137
2,0.04405971243977547,0.0062567079439759254,0.04172983765602112,0.00617065466940403
3,0.04143466427922249,0.006132624112069607,0.040663156658411026,0.006162999663501978
4,0.040796831250190735,0.006104396656155586,0.04021495208144188,0.006128400098532438
5,0.04056386277079582,0.006096662022173405,0.040258899331092834,0.0060916682705283165
6,0.04045887663960457,0.00609302893280983,0.04032938927412033,0.006103647872805595
7,0.04043611139059067,0.006093306001275778,0.040109071880578995,0.006111806724220514
8,0.04040006548166275,0.006090456619858742,0.040104009211063385,0.006139056757092476
9,0.040378231555223465,0.006090585142374039,0.04017934948205948,0.006168440915644169
10,0.040350984781980515,0.0060904077254235744,0.03995035961270332,0.006081473547965288
11,0.040350865572690964,0.00608791783452034,0.04029424116015434,0.0061915572732687
12,0.040337659418582916,0.006088315974920988,0.04013044014573097,0.006106939632445574
13,0.040339428931474686,0.00608972180634737,0.03996492177248001,0.006099889520555735
14,0.04033752530813217,0.006089805159717798,0.0399564728140831,0.006095586344599724
15,0.040309857577085495,0.006088011432439089,0.04016019403934479,0.006142158526927233
16,0.04032832384109497,0.00608854740858078,0.03999127075076103,0.006093253381550312
17,0.04030105844140053,0.006086758803576231,0.040033236145973206,0.006104180123656988
18,0.04029057174921036,0.006085635162889957,0.03993744030594826,0.00606410950422287
19,0.04026465490460396,0.006086532957851887,0.03996169939637184,0.006082089152187109
20,0.040290430188179016,0.006086243782192469,0.03984462842345238,0.00610034354031086
21,0.04026985540986061,0.00608640955761075,0.03991474211215973,0.00609514070674777
22,0.040272485464811325,0.006086640525609255,0.03994717821478844,0.006134009920060635
23,0.04029488191008568,0.006086937617510557,0.03998452052474022,0.006111947353929281
24,0.04027087241411209,0.006085067056119442,0.04002538323402405,0.006134611554443836
25,0.040247928351163864,0.006086133886128664,0.039996299892663956,0.006097993813455105
26,0.0402521975338459,0.0060845329426229,0.03988922759890556,0.00610005808994174
27,0.040276121348142624,0.006084569729864597,0.03999048471450806,0.0060913958586752415
28,0.04025242477655411,0.006085387896746397,0.04004332050681114,0.006133725866675377
29,0.0402785949409008,0.00608547730371356,0.03999561071395874,0.006114212330430746
30,0.04023329168558121,0.006085550878196955,0.040024977177381516,0.006074899807572365
31,0.040273528546094894,0.006086516194045544,0.03986283019185066,0.006113985553383827
32,0.0402492992579937,0.006084502208977938,0.040034469217061996,0.006108553148806095
33,0.040242526680231094,0.0060838982462882996,0.039956480264663696,0.006139830220490694
34,0.04024997726082802,0.006084341090172529,0.04008299112319946,0.006098818499594927
35,0.040221042931079865,0.006082925014197826,0.0398438423871994,0.006086195353418589
36,0.040221843868494034,0.006084354594349861,0.03992230445146561,0.006134144030511379
37,0.04024459049105644,0.006085119675844908,0.039982911199331284,0.006077035330235958
38,0.040247417986392975,0.006085499189794064,0.03984610363841057,0.006109914742410183
39,0.04022836312651634,0.006084449589252472,0.03987780958414078,0.006084405351430178
40,0.04023641347885132,0.006085041910409927,0.039896853268146515,0.006128725130110979
41,0.04020049795508385,0.006082169711589813,0.03990769758820534,0.006088288966566324
42,0.0402461513876915,0.006086597219109535,0.0399961918592453,0.0060682278126478195
43,0.04021395742893219,0.006084004417061806,0.039821211248636246,0.006087140180170536
44,0.040240928530693054,0.006083814427256584,0.04001897573471069,0.0061325812712311745
45,0.04022642970085144,0.006084316410124302,0.03994310647249222,0.006141968071460724
46,0.04021526500582695,0.006085392087697983,0.03977660462260246,0.0060982671566307545
47,0.04020550101995468,0.006084105931222439,0.04005350545048714,0.006114476826041937
48,0.04022367298603058,0.0060844020918011665,0.0397549532353878,0.006095322780311108
49,0.04022284969687462,0.006085204891860485,0.03987281396985054,0.006107372231781483
50,0.04022922366857529,0.006083868443965912,0.039857883006334305,0.006121748127043247
51,0.0401783362030983,0.006083396263420582,0.039840757846832275,0.006083456799387932
52,0.04018431156873703,0.006082275416702032,0.03999407961964607,0.0060823699459433556
53,0.04021069034934044,0.0060837147757411,0.03990558907389641,0.006088489666581154
54,0.040197428315877914,0.006082517094910145,0.03998742625117302,0.006127645261585712
55,0.04022100195288658,0.006084720138460398,0.039915233850479126,0.0061093843542039394
56,0.04019266739487648,0.006082158535718918,0.04005080834031105,0.006158654578030109
57,0.04019332677125931,0.006083022337406874,0.039958298206329346,0.006102435756474733
58,0.04022005945444107,0.006084525492042303,0.03981862962245941,0.006082931533455849
59,0.04022824764251709,0.006085800472646952,0.03991980105638504,0.0061070267111063
60,0.040223393589258194,0.0060836197808384895,0.03988078981637955,0.006128610577434301
61,0.04020895063877106,0.006085910834372044,0.039771415293216705,0.0060845366679131985
62,0.040180306881666183,0.0060828072018921375,0.03999491035938263,0.0061214338056743145
63,0.04021534323692322,0.006084755528718233,0.039867572486400604,0.006134872790426016
64,0.04020144045352936,0.006083487067371607,0.03978819400072098,0.006130059249699116
65,0.04016834869980812,0.006081044673919678,0.03987424820661545,0.006103208288550377
66,0.040182117372751236,0.006082823500037193,0.0398213155567646,0.006107117049396038
67,0.04018398001790047,0.006081281695514917,0.03982476517558098,0.006090492941439152
68,0.04017464444041252,0.006082466803491116,0.03982929885387421,0.006101915147155523
69,0.040189631283283234,0.006083750631660223,0.03987647965550423,0.006107974797487259
70,0.040159545838832855,0.006082484498620033,0.0398787185549736,0.0061254967004060745
71,0.04016812518239021,0.00608249194920063,0.039969656616449356,0.0061059268191456795
72,0.0401877798140049,0.006081987172365189,0.03978026285767555,0.0060959733091294765
73,0.04017338529229164,0.006082518026232719,0.03999454900622368,0.006161072291433811
74,0.04017830267548561,0.0060830265283584595,0.0398191474378109,0.00609908252954483
75,0.04016154631972313,0.006083094514906406,0.03980881720781326,0.006113911513239145
76,0.040168024599552155,0.006082682870328426,0.03992810100317001,0.006134923081845045
77,0.04015771299600601,0.006080714985728264,0.03983548283576965,0.006106168497353792
78,0.04016069695353508,0.006083226762712002,0.03985007852315903,0.006068217568099499
79,0.04014398902654648,0.0060799033381044865,0.03982335701584816,0.0060915169306099415
80,0.04015135020017624,0.006081779021769762,0.03981885313987732,0.00609528087079525
81,0.04014815390110016,0.006082335952669382,0.039863865822553635,0.006094268523156643
82,0.0401688888669014,0.0060824803076684475,0.03976071998476982,0.006085035391151905
83,0.04017562046647072,0.006082383915781975,0.03992513567209244,0.0061282007955014706
84,0.04015626385807991,0.006082165986299515,0.03990169242024422,0.0060684108175337315
85,0.04016432538628578,0.006081170402467251,0.03990316018462181,0.006103327963501215
86,0.04014502465724945,0.006080395542085171,0.03978363797068596,0.006114024203270674
87,0.040145061910152435,0.006080724764615297,0.039816394448280334,0.006100969854742289
88,0.04014347121119499,0.006080503109842539,0.03978128358721733,0.006104612722992897
89,0.04014734551310539,0.006081647705286741,0.03971400484442711,0.006097959354519844
90,0.04015791043639183,0.00608203187584877,0.039921946823596954,0.006102979648858309
91,0.04014809429645538,0.006081366911530495,0.03979918360710144,0.006069699767976999
92,0.04015311971306801,0.006083076819777489,0.0399639792740345,0.006082598585635424
93,0.040164586156606674,0.0060814740136265755,0.0398673377931118,0.006108538713306189
94,0.04016498103737831,0.006082654464989901,0.03984479606151581,0.006066531874239445
95,0.04014476388692856,0.0060821580700576305,0.03990403190255165,0.006122355815023184
96,0.04014007747173309,0.006081716623157263,0.03986256569623947,0.006114043295383453
97,0.04014312103390694,0.006079879589378834,0.03984365612268448,0.006106767803430557
98,0.04013105481863022,0.006080755032598972,0.03979284316301346,0.006075945217162371
99,0.04012520983815193,0.006080580409616232,0.03975518047809601,0.006080797407776117
