,loss
0,0.09640997648239136
1,0.04832160472869873
2,0.042627833783626556
3,0.04095606505870819
4,0.04051719233393669
5,0.04037488251924515
6,0.04034196212887764
7,0.040304407477378845
8,0.04026983305811882
9,0.04027921333909035
10,0.040252864360809326
11,0.04028085246682167
12,0.040230728685855865
13,0.0402454137802124
14,0.04022016376256943
15,0.04022296518087387
16,0.040210794657468796
17,0.04021381586790085
18,0.040224626660346985
19,0.04020112752914429
20,0.04019807279109955
21,0.040200214833021164
22,0.040210187435150146
23,0.04018338397145271
24,0.04019593819975853
25,0.040188077837228775
26,0.040180981159210205
27,0.04019986093044281
28,0.0401800163090229
29,0.040169622749090195
30,0.04018740355968475
31,0.04015868157148361
32,0.040173210203647614
33,0.04019099101424217
34,0.04014262184500694
35,0.04016123339533806
36,0.0401608869433403
37,0.04016751050949097
38,0.04016885906457901
39,0.040150344371795654
40,0.04016223922371864
41,0.040149133652448654
42,0.04015345498919487
43,0.04013340175151825
44,0.04011724144220352
45,0.04013234004378319
46,0.040123727172613144
47,0.040135737508535385
48,0.04015341028571129
49,0.04014085978269577
50,0.040140166878700256
51,0.040144044905900955
52,0.04012015834450722
53,0.040170274674892426
54,0.04013865068554878
55,0.04011557996273041
56,0.0401228591799736
57,0.04014395922422409
58,0.040128085762262344
59,0.04011888802051544
60,0.040116798132658005
61,0.040122903883457184
62,0.04012233763933182
63,0.04011828452348709
64,0.04010869562625885
65,0.0400908924639225
66,0.04010285437107086
67,0.040105171501636505
68,0.040137358009815216
69,0.040094759315252304
70,0.04010584205389023
71,0.04010417312383652
72,0.04012337699532509
73,0.040092021226882935
74,0.04010550305247307
75,0.04013999179005623
76,0.04010849818587303
77,0.04008803889155388
78,0.0401102676987648
79,0.04011283442378044
80,0.04010489955544472
81,0.04009642452001572
82,0.04008536785840988
83,0.04007182642817497
84,0.04008861258625984
85,0.04009182006120682
86,0.040077876299619675
87,0.04007512331008911
88,0.04008929058909416
89,0.04010145738720894
90,0.0400964692234993
91,0.040101051330566406
92,0.040070537477731705
93,0.040083933621644974
94,0.04008609429001808
95,0.0400521345436573
96,0.04007726535201073
97,0.04007389396429062
98,0.040054693818092346
99,0.040063150227069855
