,loss,accuracy,val_loss,val_accuracy
0,0.6932684183120728,0.5049999952316284,0.696672260761261,0.45500001311302185
1,0.6906185746192932,0.5387499928474426,0.6944202184677124,0.47999998927116394
2,0.6841726899147034,0.5924999713897705,0.6980090141296387,0.45500001311302185
3,0.6773083209991455,0.5887500047683716,0.7092110514640808,0.45500001311302185
4,0.6568301320075989,0.6287500262260437,0.69749915599823,0.5199999809265137
5,0.6313117742538452,0.6537500023841858,0.6688390970230103,0.5450000166893005
6,0.5757993459701538,0.7162500023841858,0.6687642931938171,0.625
7,0.5275211930274963,0.7362499833106995,0.6601146459579468,0.6399999856948853
8,0.49915775656700134,0.7524999976158142,0.6151665449142456,0.6800000071525574
9,0.44688281416893005,0.800000011920929,0.5537131428718567,0.7300000190734863
10,0.4082992970943451,0.8162500262260437,0.4672684371471405,0.7699999809265137
11,0.3752608895301819,0.84375,0.4979753792285919,0.75
12,0.3767669200897217,0.8337500095367432,0.46025633811950684,0.7950000166893005
13,0.32978764176368713,0.8587499856948853,0.4319268763065338,0.824999988079071
14,0.3047577738761902,0.8862500190734863,0.408881276845932,0.8399999737739563
15,0.27741074562072754,0.8999999761581421,0.4012283682823181,0.8399999737739563
16,0.263350248336792,0.8987500071525574,0.4034014642238617,0.8349999785423279
17,0.2508071959018707,0.90625,0.394136518239975,0.8450000286102295
18,0.2349119782447815,0.9162499904632568,0.3847351372241974,0.8500000238418579
19,0.22293294966220856,0.9112499952316284,0.42623651027679443,0.8399999737739563
20,0.21452727913856506,0.9262499809265137,0.38315609097480774,0.8550000190734863
21,0.20168282091617584,0.9262499809265137,0.4317987859249115,0.8550000190734863
22,0.18812784552574158,0.9237499833106995,0.4365434944629669,0.8349999785423279
23,0.16771063208580017,0.9462500214576721,0.4177275598049164,0.8450000286102295
24,0.15511304140090942,0.9437500238418579,0.47343263030052185,0.8349999785423279
25,0.147891566157341,0.9574999809265137,0.4461657404899597,0.8500000238418579
26,0.13300757110118866,0.9587500095367432,0.40051737427711487,0.8399999737739563
27,0.131419837474823,0.9587500095367432,0.39924168586730957,0.8399999737739563
28,0.11571396142244339,0.9612500071525574,0.4966282546520233,0.8299999833106995
29,0.13480766117572784,0.9524999856948853,0.42975834012031555,0.8550000190734863
30,0.11512472480535507,0.9637500047683716,0.4337751269340515,0.8500000238418579
31,0.08109055459499359,0.9762499928474426,0.4403299391269684,0.8349999785423279
32,0.09095283597707748,0.9725000262260437,0.4886685609817505,0.8299999833106995
33,0.08987269550561905,0.9725000262260437,0.4644103944301605,0.8650000095367432
34,0.09327663481235504,0.9712499976158142,0.4326133728027344,0.8500000238418579
35,0.06041178107261658,0.9850000143051147,0.46679821610450745,0.8399999737739563
36,0.057322487235069275,0.9862499833106995,0.4274095892906189,0.8550000190734863
37,0.06026109308004379,0.9862499833106995,0.4422202706336975,0.8299999833106995
38,0.04762383550405502,0.9912499785423279,0.45057013630867004,0.8500000238418579
39,0.04402714595198631,0.9937499761581421,0.5306769013404846,0.8399999737739563
40,0.041332293301820755,0.9912499785423279,0.5038922429084778,0.8500000238418579
41,0.0399070605635643,0.9912499785423279,0.48605459928512573,0.8500000238418579
42,0.035469867289066315,0.9925000071525574,0.4680405855178833,0.8399999737739563
43,0.03508909046649933,0.9975000023841858,0.5374317169189453,0.8500000238418579
44,0.02786448784172535,0.9962499737739563,0.5253974795341492,0.8500000238418579
45,0.03012728877365589,0.9937499761581421,0.4526042640209198,0.8550000190734863
46,0.02291971445083618,0.9987499713897705,0.533879816532135,0.8600000143051147
47,0.01930548995733261,0.9975000023841858,0.5873881578445435,0.8500000238418579
48,0.018169380724430084,0.9975000023841858,0.5273844599723816,0.8450000286102295
49,0.013633458875119686,1.0,0.5406025052070618,0.8500000238418579
50,0.012362463399767876,0.9987499713897705,0.554474413394928,0.8550000190734863
51,0.011283541098237038,1.0,0.5646523833274841,0.8550000190734863
52,0.009863479994237423,1.0,0.5853923559188843,0.8600000143051147
53,0.009468985721468925,0.9987499713897705,0.6181750297546387,0.8500000238418579
54,0.009108391590416431,1.0,0.580924928188324,0.8550000190734863
55,0.006837501656264067,1.0,0.6086599230766296,0.8600000143051147
56,0.006157593801617622,1.0,0.5875887870788574,0.8600000143051147
57,0.006896378472447395,1.0,0.6125069260597229,0.8600000143051147
58,0.006009997799992561,1.0,0.589016854763031,0.8500000238418579
59,0.00590533297508955,1.0,0.5932811498641968,0.8500000238418579
60,0.00472984416410327,1.0,0.6432587504386902,0.8600000143051147
61,0.004560333676636219,1.0,0.6204187273979187,0.8550000190734863
62,0.00379821565002203,1.0,0.6365856528282166,0.8650000095367432
63,0.00348097225651145,1.0,0.631507158279419,0.8600000143051147
64,0.0032409809064120054,1.0,0.6512608528137207,0.8650000095367432
65,0.003288696752861142,1.0,0.6483210921287537,0.8650000095367432
66,0.0028966646641492844,1.0,0.6584958434104919,0.8600000143051147
67,0.0027410569600760937,1.0,0.6530090570449829,0.8600000143051147
68,0.0027981081511825323,1.0,0.6636121273040771,0.8600000143051147
69,0.0024739401414990425,1.0,0.6634034514427185,0.8550000190734863
70,0.0023784299846738577,1.0,0.6740736961364746,0.8550000190734863
71,0.0022338991984725,1.0,0.6789427995681763,0.8650000095367432
72,0.0023648650385439396,1.0,0.6838363409042358,0.8650000095367432
73,0.0022188241127878428,1.0,0.6624431610107422,0.8550000190734863
74,0.0022880975157022476,1.0,0.6700036525726318,0.8550000190734863
75,0.0019807061180472374,1.0,0.701276957988739,0.8650000095367432
76,0.0017370103159919381,1.0,0.6886904835700989,0.8600000143051147
77,0.0017940583638846874,1.0,0.7079198360443115,0.8600000143051147
78,0.0017264921916648746,1.0,0.7074446678161621,0.8550000190734863
79,0.0015572275733575225,1.0,0.7030355334281921,0.8500000238418579
80,0.0015502488240599632,1.0,0.701194167137146,0.8550000190734863
81,0.001427222741767764,1.0,0.7139792442321777,0.8600000143051147
82,0.0013539539650082588,1.0,0.7194936871528625,0.8600000143051147
83,0.0014109842013567686,1.0,0.7142928242683411,0.8500000238418579
84,0.0013349656946957111,1.0,0.7238388657569885,0.8550000190734863
85,0.0011955518275499344,1.0,0.7294264435768127,0.8600000143051147
86,0.0012275538174435496,1.0,0.7374706864356995,0.8550000190734863
87,0.0012280044611543417,1.0,0.7460668087005615,0.8600000143051147
88,0.0010757229756563902,1.0,0.7385149598121643,0.8600000143051147
89,0.0010667518945410848,1.0,0.7405241131782532,0.8600000143051147
90,0.0010054927552118897,1.0,0.745256781578064,0.8550000190734863
91,0.0009284650441259146,1.0,0.750957727432251,0.8550000190734863
92,0.0009011473739519715,1.0,0.7560889720916748,0.8600000143051147
93,0.000890730821993202,1.0,0.7582721710205078,0.8550000190734863
94,0.0008817384368740022,1.0,0.762165904045105,0.8600000143051147
95,0.0008183498866856098,1.0,0.7627642154693604,0.8600000143051147
96,0.0008165264734998345,1.0,0.7681759595870972,0.8600000143051147
97,0.0007667173631489277,1.0,0.7762729525566101,0.8550000190734863
98,0.0007356478017754853,1.0,0.775480329990387,0.8600000143051147
99,0.00071336654946208,1.0,0.7745744585990906,0.8600000143051147
