,loss,accuracy,val_loss,val_accuracy
0,2.9099740982055664,0.2674750089645386,2.694011926651001,0.29829999804496765
1,2.490790843963623,0.4344249963760376,2.1819159984588623,0.5167999863624573
2,1.9578830003738403,0.4934000074863434,1.5961352586746216,0.5249000191688538
3,1.416059970855713,0.5209749937057495,1.1804800033569336,0.5641999840736389
4,1.0813591480255127,0.6068999767303467,0.9601334929466248,0.6504999995231628
5,0.9276688098907471,0.6526250243186951,0.8925737142562866,0.6568999886512756
6,0.8486186861991882,0.6766499876976013,0.8108856678009033,0.7024999856948853
7,0.8084273338317871,0.6888750195503235,0.7858995199203491,0.7056000232696533
8,0.7824679613113403,0.6977249979972839,0.7969340682029724,0.6753000020980835
9,0.775249183177948,0.6966500282287598,0.7649735808372498,0.6966000199317932
10,0.7655627727508545,0.7004250288009644,0.7661759257316589,0.6948000192642212
11,0.7497103810310364,0.704200029373169,0.7446678876876831,0.7113999724388123
12,0.7566494941711426,0.697825014591217,0.7464107275009155,0.7231000065803528
13,0.741990864276886,0.705299973487854,0.7441235184669495,0.722100019454956
14,0.7548226714134216,0.6995499730110168,0.7426022887229919,0.696399986743927
15,0.740761935710907,0.7050250172615051,0.7289903163909912,0.7196999788284302
16,0.7315165996551514,0.7128499746322632,0.720725417137146,0.7235000133514404
17,0.7304226160049438,0.7119749784469604,0.742668628692627,0.7031000256538391
18,0.7298458814620972,0.7105749845504761,0.7487357258796692,0.6851000189781189
19,0.7259663343429565,0.711650013923645,0.7114987969398499,0.7225000262260437
20,0.7141173481941223,0.7185750007629395,0.706959068775177,0.7301999926567078
21,0.7226093411445618,0.7164250016212463,0.7380755543708801,0.7038999795913696
22,0.7236674427986145,0.7096999883651733,0.7153235077857971,0.7278000116348267
23,0.7184107899665833,0.7184000015258789,0.7070492506027222,0.7333999872207642
24,0.7120547294616699,0.7178750038146973,0.7146777510643005,0.7178999781608582
25,0.7124954462051392,0.7231500148773193,0.730182945728302,0.6922000050544739
26,0.7236534357070923,0.7089750170707703,0.7015178799629211,0.7325000166893005
27,0.7121556997299194,0.7186999917030334,0.7261252403259277,0.7318000197410583
28,0.735324501991272,0.7019000053405762,0.7229855060577393,0.720300018787384
29,0.7077546119689941,0.720924973487854,0.7193867564201355,0.7091000080108643
30,0.7516796588897705,0.6959750056266785,0.7917290329933167,0.652999997138977
31,0.7251344323158264,0.7102749943733215,0.7102550268173218,0.7300999760627747
32,0.7156304717063904,0.713575005531311,0.7008087635040283,0.7233999967575073
33,0.7063146829605103,0.7248499989509583,0.6964053511619568,0.7325000166893005
34,0.7066864967346191,0.7199249863624573,0.7232076525688171,0.6991999745368958
35,0.715979814529419,0.7131749987602234,0.7179951667785645,0.707099974155426
36,0.7027641534805298,0.7265999913215637,0.7071573138237,0.7182999849319458
37,0.695980966091156,0.7246999740600586,0.6941824555397034,0.7389000058174133
38,0.6967286467552185,0.7296249866485596,0.6890971660614014,0.7357000112533569
39,0.7212989330291748,0.7128250002861023,0.7248824238777161,0.7307000160217285
40,0.7374204993247986,0.7021250128746033,0.6984801292419434,0.7145000100135803
41,0.7007504105567932,0.7265750169754028,0.6852719783782959,0.7329000234603882
42,0.6949653029441833,0.7295250296592712,0.6851716041564941,0.741100013256073
43,0.7134082913398743,0.7199749946594238,0.7398879528045654,0.6916000247001648
44,0.6988025903701782,0.7242249846458435,0.7381496429443359,0.6721000075340271
45,0.6905115246772766,0.727275013923645,0.6909278035163879,0.7224000096321106
46,0.6874197125434875,0.7316499948501587,0.6892653107643127,0.7233999967575073
47,0.6883607506752014,0.7315250039100647,0.686085045337677,0.7336999773979187
48,0.6934042572975159,0.7276750206947327,0.6793881058692932,0.7387999892234802
49,0.6870750188827515,0.731024980545044,0.6807104349136353,0.7466999888420105
50,0.6812769174575806,0.7384250164031982,0.684745728969574,0.7249000072479248
51,0.6842493414878845,0.7343999743461609,0.6777231693267822,0.7459999918937683
52,0.6863537430763245,0.7332000136375427,0.6772847771644592,0.7465999722480774
53,0.6866719126701355,0.7288500070571899,0.6736913323402405,0.739799976348877
54,0.6935531497001648,0.7303249835968018,0.6733641028404236,0.7522000074386597
55,0.6889947652816772,0.7281249761581421,0.6838274598121643,0.7279000282287598
56,0.6945779919624329,0.7282000184059143,0.6892233490943909,0.718500018119812
57,0.6827684044837952,0.7319250106811523,0.7033268213272095,0.6948999762535095
58,0.699012279510498,0.7223250269889832,0.6847893595695496,0.7419000267982483
59,0.6833618879318237,0.7335000038146973,0.669304609298706,0.7457000017166138
60,0.6920322179794312,0.7298250198364258,0.6707159280776978,0.7441999912261963
61,0.6802822351455688,0.7358499765396118,0.6674530506134033,0.7498000264167786
62,0.6754142642021179,0.739175021648407,0.6882930994033813,0.7166000008583069
63,0.6855580806732178,0.7318500280380249,0.6640271544456482,0.7541000247001648
64,0.6773371696472168,0.7346500158309937,0.6807155609130859,0.745199978351593
65,0.6901547908782959,0.730525016784668,0.6724734306335449,0.748199999332428
66,0.6711242198944092,0.7397249937057495,0.6650148630142212,0.7506999969482422
67,0.6748859286308289,0.741225004196167,0.6680344343185425,0.7494000196456909
68,0.6749264001846313,0.7365999817848206,0.6657621264457703,0.7398999929428101
69,0.6833759546279907,0.7328749895095825,0.6661505699157715,0.7531999945640564
70,0.6844632625579834,0.7351750135421753,0.6961016654968262,0.7142000198364258
71,0.684041440486908,0.7290999889373779,0.6745700240135193,0.7339000105857849
72,0.6711205244064331,0.7424749732017517,0.671111524105072,0.7401000261306763
73,0.6713892221450806,0.7399500012397766,0.6633186936378479,0.7473000288009644
74,0.6717769503593445,0.740975022315979,0.6599923968315125,0.7542999982833862
75,0.6754817366600037,0.7379249930381775,0.6698591113090515,0.7433000206947327
76,0.6709405779838562,0.7406250238418579,0.6614469289779663,0.7480999827384949
77,0.6646683216094971,0.7441999912261963,0.658130943775177,0.7555000185966492
78,0.6684554815292358,0.7433000206947327,0.6778709292411804,0.7354000210762024
79,0.6754265427589417,0.7365750074386597,0.6618643403053284,0.7455000281333923
80,0.6753621101379395,0.7400500178337097,0.6607130169868469,0.7462999820709229
81,0.6671943664550781,0.7432000041007996,0.6512364149093628,0.760699987411499
82,0.6662012338638306,0.7445499897003174,0.6536641716957092,0.7577999830245972
83,0.6695177555084229,0.7434250116348267,0.6701601147651672,0.737500011920929
84,0.6645311713218689,0.7457500100135803,0.6650092601776123,0.7440000176429749
85,0.6685267686843872,0.7411749958992004,0.6564363837242126,0.7559000253677368
86,0.6642723083496094,0.744825005531311,0.6577005982398987,0.7440999746322632
87,0.6583498120307922,0.746999979019165,0.6481208801269531,0.7551000118255615
88,0.6654002666473389,0.7452999949455261,0.6660311818122864,0.7465000152587891
89,0.6682745218276978,0.7422249913215637,0.6620379090309143,0.7422999739646912
90,0.6621663570404053,0.7444750070571899,0.6535898447036743,0.7565000057220459
91,0.6659922003746033,0.7444249987602234,0.6566010117530823,0.746399998664856
92,0.6641401648521423,0.7434499859809875,0.653556227684021,0.7584999799728394
93,0.6668339371681213,0.7408249974250793,0.6558544635772705,0.7480999827384949
94,0.6704939007759094,0.7412999868392944,0.6674922108650208,0.7376000285148621
95,0.6591911911964417,0.7464749813079834,0.6493453979492188,0.7591999769210815
96,0.6564738750457764,0.7482249736785889,0.6653475165367126,0.7321000099182129
97,0.6607758402824402,0.7464749813079834,0.6434162259101868,0.7597000002861023
98,0.6596031785011292,0.7455999851226807,0.6588960289955139,0.7365999817848206
99,0.6578548550605774,0.7467250227928162,0.6487056612968445,0.7501999735832214
