,disentangle loss,relative loss
0,0.38028845,0.5355852
1,0.3831392,0.503512
2,0.38506302,0.45718673
3,0.39234024,0.4355325
4,0.4041639,0.4287644
5,0.4295668,0.41959333
6,0.46748003,0.41741887
7,0.47229704,0.4686452
8,0.473862,0.45633674
9,0.47293663,0.44714803
10,0.4717449,0.44994542
11,0.47053578,0.45839185
12,0.46948317,0.46309015
13,0.4686767,0.4680365
14,0.46830687,0.47390592
15,0.46849653,0.47932562
16,0.46973264,0.48433375
17,0.47302827,0.48986667
18,0.47819576,0.4952461
19,0.48400965,0.4981401
20,0.48989204,0.4917781
21,0.4932584,0.5055218
22,0.49963772,0.51220524
23,0.5047219,0.517923
24,0.5322037,0.5227334
25,0.5878203,0.8099263
26,0.6369473,1.0482953
27,0.66991305,1.2354916
28,0.6894397,1.3455131
29,0.6991916,1.4161677
30,0.70082295,1.4427304
31,0.69987094,1.4581251
32,0.6981105,1.4515561
33,0.69642806,1.4452984
34,0.6945424,1.4382292
35,0.692586,1.4309349
36,0.69075257,1.4235928
37,0.6888295,1.4154017
38,0.68698007,1.4077545
39,0.68500704,1.3996263
40,0.6829436,1.3879566
41,0.68069506,1.3764589
42,0.6785382,1.3647237
43,0.67626697,1.3532774
44,0.6738854,1.3411615
45,0.6711184,1.3338437
46,0.6692327,1.3287475
47,0.6674367,1.3175039
48,0.6643013,1.2950494
49,0.6607151,1.2688832
50,0.6567101,1.2442458
51,0.6538053,1.2217546
52,0.6511359,1.201916
53,0.64934134,1.18479
54,0.64771193,1.1682303
55,0.6456721,1.1548156
56,0.64519346,1.143328
57,0.645307,1.1331129
58,0.6443773,1.1237612
59,0.64150447,1.1110289
60,0.6432754,1.0990772
61,0.64394695,1.0876144
62,0.6399136,1.069473
63,0.63880193,1.0602506
64,0.63881576,1.0455221
65,0.63663733,1.0296978
66,0.625656,1.0042717
67,0.61613744,0.94966435
68,0.6011582,0.8748115
69,0.56918555,0.8275498
70,0.53945744,0.8122468
71,0.5387815,0.8151125
72,0.5348696,0.8407966
73,0.5324635,0.8810669
74,0.55993456,0.92833996
75,0.61163205,0.97422206
76,0.6387258,0.9641894
77,0.65436953,0.97715425
78,0.6639756,0.99398446
79,0.6718584,1.0023677
