,disentangle loss,relative loss
0,0.17510627,0.2615687
1,0.1757253,0.26272237
2,0.17549384,0.26135984
3,0.17628531,0.26349288
4,0.17509796,0.26097
5,0.17360486,0.2510258
6,0.17499256,0.26124573
7,0.17514957,0.2613508
8,0.17501402,0.26111042
9,0.17609541,0.26383477
10,0.17485048,0.26030558
11,0.17472304,0.26040024
12,0.17512327,0.26159316
13,0.17507333,0.26117837
14,0.17433594,0.25942898
15,0.17351389,0.25720525
16,0.17512314,0.26147574
17,0.17516457,0.2615952
18,0.17509069,0.26082328
19,0.1735661,0.2562257
20,0.17637414,0.26438102
21,0.1761932,0.26374316
22,0.17507069,0.26146638
23,0.17618008,0.263973
24,0.17674053,0.26473176
25,0.17537205,0.2613484
26,0.17606242,0.2634527
27,0.17645538,0.26454264
28,0.17761645,0.26696837
29,0.17725387,0.26608345
30,0.17612217,0.26313686
31,0.17571582,0.2629593
32,0.17701091,0.26552588
33,0.17698781,0.26537365
34,0.17884837,0.2685007
35,0.17638117,0.2642657
36,0.17646858,0.26450327
37,0.17577182,0.26321977
38,0.1777765,0.26666588
39,0.17676324,0.2651521
40,0.18140553,0.27325428
41,0.17229643,0.2504996
42,0.17984329,0.2707022
43,0.1740108,0.25649115
44,0.17428431,0.25708246
45,0.173133,0.2512263
46,0.17960928,0.26747584
47,0.17939903,0.26925427
48,0.17335263,0.2527164
49,0.17363264,0.25756544
50,0.6402421,0.95260525
51,0.1792931,0.26941565
52,0.17638454,0.26210755
53,0.17857134,0.2683085
54,0.17796509,0.2671264
55,0.17508285,0.26089945
56,0.17678764,0.2647839
57,0.17592865,0.26279646
58,0.1765004,0.26438522
59,0.17614825,0.26411048
60,0.17210194,0.25133723
61,0.17652862,0.26443338
62,0.17793271,0.26723266
63,0.17626025,0.26249313
64,0.17529878,0.26212254
65,0.17620994,0.2638206
66,0.17484957,0.26033306
67,0.17603655,0.26351482
68,0.17542315,0.2622906
69,0.17712443,0.26408297
70,0.17621136,0.26318908
71,0.17472406,0.26041368
72,0.175644,0.26294357
73,0.17500064,0.2609319
74,0.17733677,0.26634726
75,0.17518325,0.26157096
76,0.17617546,0.26391542
77,0.17781827,0.26719943
78,0.17561275,0.26255894
79,0.1755572,0.26241517
80,0.17645463,0.2619119
81,0.1754145,0.26219624
82,0.17467956,0.260548
83,0.17565265,0.26162973
84,0.17606054,0.26365167
85,0.17556234,0.26251283
86,0.17550384,0.26259428
87,0.17514905,0.26130468
88,0.17551705,0.2627124
89,0.1755277,0.26240462
90,0.17559679,0.26155078
