,loss,accuracy,val_loss,val_accuracy
0,0.6935260891914368,0.500249981880188,0.6942973136901855,0.48750001192092896
1,0.6933615803718567,0.5056250095367432,0.6936915516853333,0.4884999990463257
2,0.6931217312812805,0.5062500238418579,0.6934412717819214,0.4950000047683716
3,0.6930663585662842,0.5084999799728394,0.6946038007736206,0.4884999990463257
4,0.6928210258483887,0.5127500295639038,0.6928651928901672,0.5090000033378601
5,0.6924048066139221,0.5167499780654907,0.6947616338729858,0.49300000071525574
6,0.6923109292984009,0.515999972820282,0.6930757164955139,0.4970000088214874
7,0.6921338438987732,0.5170000195503235,0.6928086280822754,0.5074999928474426
8,0.6919562220573425,0.5291249752044678,0.6929262280464172,0.5120000243186951
9,0.6911495923995972,0.5222499966621399,0.6934686899185181,0.5120000243186951
10,0.6903366446495056,0.531624972820282,0.6962260007858276,0.5009999871253967
11,0.6889304518699646,0.5407500267028809,0.697824239730835,0.5009999871253967
12,0.6876944899559021,0.5422499775886536,0.6975792050361633,0.503000020980835
13,0.6861422657966614,0.5443750023841858,0.6975906491279602,0.5105000138282776
14,0.6838699579238892,0.5533750057220459,0.6975150108337402,0.49300000071525574
15,0.6809276938438416,0.559499979019165,0.6998993754386902,0.49300000071525574
16,0.6780429482460022,0.5697500109672546,0.7079784274101257,0.5134999752044678
17,0.675072193145752,0.5770000219345093,0.705932080745697,0.4909999966621399
18,0.6713065505027771,0.5808749794960022,0.7083572149276733,0.49900001287460327
19,0.6674964427947998,0.5896250009536743,0.7140670418739319,0.5034999847412109
20,0.6629011631011963,0.593375027179718,0.7220870852470398,0.5105000138282776
21,0.6584958434104919,0.6048750281333923,0.7148383855819702,0.503000020980835
22,0.6561604142189026,0.6076250076293945,0.7195021510124207,0.5044999718666077
23,0.6489918231964111,0.6194999814033508,0.726331353187561,0.5105000138282776
24,0.6444055438041687,0.6202499866485596,0.7276865243911743,0.5109999775886536
25,0.6385431885719299,0.6306250095367432,0.7390486001968384,0.5105000138282776
26,0.6342954039573669,0.6367499828338623,0.7313206791877747,0.5095000267028809
27,0.6259604692459106,0.6486250162124634,0.7365646362304688,0.5180000066757202
28,0.6197659969329834,0.6516249775886536,0.747398853302002,0.5080000162124634
29,0.6135746836662292,0.656125009059906,0.7493520975112915,0.5224999785423279
30,0.607623279094696,0.6677500009536743,0.7682977914810181,0.5249999761581421
31,0.6016467213630676,0.6728749871253967,0.7578189373016357,0.5115000009536743
32,0.592872142791748,0.6825000047683716,0.7923239469528198,0.515500009059906
33,0.586558997631073,0.6875,0.7782784700393677,0.5139999985694885
34,0.5793576240539551,0.6996250152587891,0.7796486616134644,0.5145000219345093
35,0.5743544697761536,0.6992499828338623,0.8055105209350586,0.5120000243186951
36,0.5664541721343994,0.7020000219345093,0.8073090314865112,0.515999972820282
37,0.5574352145195007,0.7127500176429749,0.8269236087799072,0.5095000267028809
38,0.5514008402824402,0.7142500281333923,0.8411721587181091,0.5084999799728394
39,0.5448088645935059,0.7204999923706055,0.852027952671051,0.5059999823570251
40,0.5376462936401367,0.7216249704360962,0.8497332334518433,0.5095000267028809
41,0.5304965972900391,0.7239999771118164,0.872833788394928,0.5044999718666077
42,0.5239865183830261,0.734250009059906,0.8905489444732666,0.5205000042915344
43,0.5168644189834595,0.7407500147819519,0.8851054906845093,0.5115000009536743
44,0.5098897218704224,0.7432500123977661,0.8892471790313721,0.5109999775886536
45,0.5035257935523987,0.7486249804496765,0.9023789167404175,0.5049999952316284
46,0.4952835738658905,0.7528749704360962,0.9143089056015015,0.5115000009536743
47,0.488558828830719,0.7582499980926514,0.9638029932975769,0.5055000185966492
48,0.48385053873062134,0.7609999775886536,0.9522278308868408,0.5320000052452087
49,0.47284233570098877,0.7707499861717224,0.9688186049461365,0.5130000114440918
50,0.4727977514266968,0.7702500224113464,0.9845265746116638,0.5120000243186951
51,0.4626171290874481,0.7764999866485596,1.014484167098999,0.512499988079071
52,0.4556792676448822,0.7828750014305115,1.018239140510559,0.515999972820282
53,0.45329147577285767,0.7807499766349792,0.9990650415420532,0.5170000195503235
54,0.4460083544254303,0.781125009059906,1.0154131650924683,0.5170000195503235
55,0.44108420610427856,0.7856249809265137,1.0302201509475708,0.5134999752044678
56,0.4316966235637665,0.7951250076293945,1.082904577255249,0.5164999961853027
57,0.42861777544021606,0.7902500033378601,1.0810320377349854,0.515999972820282
58,0.41849038004875183,0.8018749952316284,1.0968180894851685,0.515999972820282
59,0.4161053001880646,0.8083750009536743,1.1079652309417725,0.5170000195503235
60,0.4071018397808075,0.8097500205039978,1.1618876457214355,0.5090000033378601
61,0.4057558476924896,0.8053749799728394,1.1604132652282715,0.5145000219345093
62,0.3995862603187561,0.812125027179718,1.1623486280441284,0.49950000643730164
63,0.395233154296875,0.8133749961853027,1.1716701984405518,0.5210000276565552
64,0.3885017931461334,0.8198750019073486,1.1662662029266357,0.5210000276565552
65,0.3804997503757477,0.8232499957084656,1.1915854215621948,0.5254999995231628
66,0.3763289749622345,0.8276249766349792,1.220383644104004,0.5040000081062317
67,0.37352290749549866,0.8236250281333923,1.2412211894989014,0.5164999961853027
68,0.3700907528400421,0.8324999809265137,1.236109733581543,0.5139999985694885
69,0.3582400977611542,0.8349999785423279,1.285032868385315,0.515999972820282
70,0.3551304340362549,0.8389999866485596,1.2981845140457153,0.5024999976158142
71,0.350145548582077,0.8376250267028809,1.3166981935501099,0.5049999952316284
72,0.34647446870803833,0.8463749885559082,1.3482489585876465,0.503000020980835
73,0.3448115289211273,0.8443750143051147,1.3719748258590698,0.5174999833106995
74,0.3355892300605774,0.8489999771118164,1.37754487991333,0.5090000033378601
75,0.329233318567276,0.8542500138282776,1.3999848365783691,0.5139999985694885
76,0.3240371346473694,0.8566250205039978,1.4173232316970825,0.5109999775886536
77,0.31828856468200684,0.8618749976158142,1.4410151243209839,0.5055000185966492
78,0.3118363916873932,0.8641250133514404,1.4630403518676758,0.5055000185966492
79,0.31038227677345276,0.859375,1.5141760110855103,0.5220000147819519
80,0.31326889991760254,0.859000027179718,1.4812089204788208,0.5115000009536743
81,0.29997244477272034,0.8675000071525574,1.5221576690673828,0.5070000290870667
82,0.29493752121925354,0.8715000152587891,1.5235600471496582,0.5134999752044678
83,0.2906500995159149,0.8723750114440918,1.5266789197921753,0.515500009059906
84,0.28636059165000916,0.8771250247955322,1.5978649854660034,0.5019999742507935
85,0.28452152013778687,0.8757500052452087,1.6367666721343994,0.5170000195503235
86,0.28320619463920593,0.875,1.6088457107543945,0.503000020980835
87,0.2729398012161255,0.8826249837875366,1.6287426948547363,0.5055000185966492
88,0.2702820897102356,0.8838750123977661,1.63235604763031,0.512499988079071
89,0.2677280902862549,0.8851249814033508,1.702579140663147,0.5065000057220459
90,0.2618526816368103,0.8868749737739563,1.6868840456008911,0.5120000243186951
91,0.25898799300193787,0.8899999856948853,1.7663486003875732,0.5084999799728394
92,0.2551068067550659,0.890250027179718,1.8070751428604126,0.5040000081062317
93,0.25133565068244934,0.8911250233650208,1.8282395601272583,0.5019999742507935
94,0.24074283242225647,0.9002500176429749,1.795602560043335,0.5040000081062317
95,0.2406131625175476,0.8957499861717224,1.8410747051239014,0.5024999976158142
96,0.23806270956993103,0.8977500200271606,1.8453378677368164,0.5034999847412109
97,0.23315860331058502,0.8995000123977661,1.9132333993911743,0.5065000057220459
98,0.22558003664016724,0.906000018119812,1.930420994758606,0.5
99,0.22013641893863678,0.9075000286102295,1.9316295385360718,0.5049999952316284
