,loss,relative_loss,val_loss,val_relative_loss
0,0.05044306069612503,0.006513798609375954,0.04701617360115051,0.006370005197823048
1,0.04507214576005936,0.006308611016720533,0.0434839241206646,0.006234466098248959
2,0.042318761348724365,0.006191867869347334,0.04137098789215088,0.006107466761022806
3,0.041039880365133286,0.0061295670457184315,0.04085976630449295,0.006086287088692188
4,0.04060051590204239,0.006113184615969658,0.04067521542310715,0.006059080827981234
5,0.040471307933330536,0.006108204834163189,0.04035326838493347,0.006065748631954193
6,0.040345195680856705,0.006103930063545704,0.04042128100991249,0.006023033056408167
7,0.040335919708013535,0.006103606894612312,0.040309078991413116,0.006058217026293278
8,0.04029510170221329,0.006103708408772945,0.04039634391665459,0.0060362303629517555
9,0.040263429284095764,0.006099506746977568,0.040207017213106155,0.006075424142181873
10,0.040234554558992386,0.00609924690797925,0.04032331332564354,0.0060455212369561195
11,0.04026259109377861,0.006100890692323446,0.04026647284626961,0.006039423402398825
12,0.04023773595690727,0.006100677419453859,0.040298521518707275,0.00607347534969449
13,0.040239349007606506,0.006100275553762913,0.04034920036792755,0.006092316471040249
14,0.04021293669939041,0.006098859943449497,0.04035775363445282,0.00606017978861928
15,0.040225207805633545,0.006098662503063679,0.040210235863924026,0.0060550011694431305
16,0.040214598178863525,0.006099844817072153,0.04036325588822365,0.006076819729059935
17,0.04019705578684807,0.006098170764744282,0.04020414128899574,0.006099192891269922
18,0.04023636877536774,0.006100464146584272,0.040598247200250626,0.006061641965061426
19,0.040201667696237564,0.006097836419939995,0.04030628502368927,0.006092030089348555
20,0.040200330317020416,0.00609893724322319,0.04028483107686043,0.006061345338821411
21,0.040191181004047394,0.006097348872572184,0.040235068649053574,0.006074886303395033
22,0.040202658623456955,0.006097848527133465,0.04026736691594124,0.006070780102163553
23,0.040181394666433334,0.006097560748457909,0.04018580913543701,0.0060602957382798195
24,0.04019956663250923,0.006098408252000809,0.04030376300215721,0.0061009470373392105
25,0.0401950441300869,0.006097898352891207,0.040367674082517624,0.006077858619391918
26,0.040190279483795166,0.00609999056905508,0.040199797600507736,0.006052932236343622
27,0.040189336985349655,0.006098749581724405,0.040331121534109116,0.006058805156499147
28,0.04017253965139389,0.006096633151173592,0.04016255587339401,0.006071464624255896
29,0.040175314992666245,0.006096913479268551,0.040239736437797546,0.006094490177929401
30,0.040201831609010696,0.006097734905779362,0.0403011217713356,0.0060359095223248005
31,0.04019143059849739,0.006099208258092403,0.04019377380609512,0.0060605453327298164
32,0.040160682052373886,0.006096752360463142,0.04017375409603119,0.006076049525290728
33,0.04016204923391342,0.006096726283431053,0.040251102298498154,0.006082534324377775
34,0.04018137976527214,0.006098858080804348,0.04044177755713463,0.0060662804171442986
35,0.04017999395728111,0.00609860522672534,0.04022917523980141,0.0060456283390522
36,0.04016469419002533,0.006096920929849148,0.04037926346063614,0.0060454607009887695
37,0.04017217084765434,0.006098207086324692,0.040238380432128906,0.006073453929275274
38,0.04019107297062874,0.006098286714404821,0.04029948636889458,0.0060616363771259785
39,0.040160391479730606,0.006095138378441334,0.040317680686712265,0.006122696679085493
40,0.040165528655052185,0.006095892749726772,0.040260519832372665,0.006042445078492165
41,0.040155790746212006,0.006096311844885349,0.04030495136976242,0.006064044311642647
42,0.0401616171002388,0.006097598001360893,0.04021502658724785,0.006073780823498964
43,0.04012877494096756,0.006095286458730698,0.04016746208071709,0.006052658427506685
44,0.0401386022567749,0.006096618715673685,0.04018232598900795,0.006077914033085108
45,0.04013688117265701,0.006095759570598602,0.040183309465646744,0.006045033223927021
46,0.04010658711194992,0.006093538831919432,0.04021580517292023,0.006045120302587748
47,0.040116697549819946,0.006093127653002739,0.04032714292407036,0.0060290382243692875
48,0.04015210270881653,0.006095485761761665,0.04036109521985054,0.0061193909496068954
49,0.04016289860010147,0.006096560508012772,0.04021349921822548,0.006063141860067844
50,0.04010296240448952,0.006092889234423637,0.04034649580717087,0.0061115119606256485
51,0.04012785479426384,0.006095621734857559,0.04019290208816528,0.006091822870075703
52,0.04013531655073166,0.006096161436289549,0.040294621139764786,0.006051345728337765
53,0.04012639820575714,0.006095154210925102,0.04022059217095375,0.00602440582588315
54,0.040144436061382294,0.006097360514104366,0.040218669921159744,0.006089627742767334
55,0.04012911021709442,0.006095251999795437,0.040252991020679474,0.006099237594753504
56,0.04012191295623779,0.0060936519876122475,0.040289271622896194,0.0060756271705031395
57,0.04013088718056679,0.0060960291884839535,0.040163908153772354,0.006055394187569618
58,0.04010692983865738,0.006093952804803848,0.04023979976773262,0.006061027757823467
59,0.04011671617627144,0.006094610784202814,0.040242258459329605,0.006087921559810638
60,0.04013708233833313,0.006097072269767523,0.04017793387174606,0.006054207216948271
61,0.040118128061294556,0.006093534640967846,0.04030138626694679,0.00606195954605937
62,0.04013269767165184,0.006096061784774065,0.04017693176865578,0.006079029757529497
63,0.04013926163315773,0.00609475327655673,0.04021064192056656,0.006072412710636854
64,0.04010803624987602,0.00609432952478528,0.04015762731432915,0.0060651469975709915
65,0.04011908918619156,0.006095582619309425,0.040362585335969925,0.006120686884969473
66,0.04009475186467171,0.006093991920351982,0.040096402168273926,0.006024709902703762
67,0.04011053219437599,0.006093173287808895,0.04020226001739502,0.00607632752507925
68,0.040093161165714264,0.006094371434301138,0.04035429283976555,0.006023059599101543
69,0.040120434015989304,0.006096045020967722,0.04027240350842476,0.006088220980018377
70,0.04011695459485054,0.006094145122915506,0.04028474539518356,0.0060774292796850204
71,0.040117647498846054,0.006095076445490122,0.04016837850213051,0.006085935048758984
72,0.04012539982795715,0.006094926502555609,0.04013641178607941,0.006058302242308855
73,0.04010894522070885,0.006095245014876127,0.04020647332072258,0.006049573887139559
74,0.04012558236718178,0.00609451113268733,0.0402587465941906,0.0060408045537769794
75,0.0401192381978035,0.006094804033637047,0.040230173617601395,0.006074389908462763
76,0.04008275642991066,0.006093885749578476,0.04017677158117294,0.006032317411154509
77,0.0400996170938015,0.006094302516430616,0.04020785167813301,0.006067816633731127
78,0.04012126103043556,0.00609650369733572,0.04023505747318268,0.006079338025301695
79,0.04010315239429474,0.0060951742343604565,0.04020044580101967,0.006061853840947151
80,0.0400957353413105,0.00609395420178771,0.04028400033712387,0.006049227435141802
81,0.04009700194001198,0.006093872245401144,0.040221165865659714,0.0060459328815341
82,0.04008407145738602,0.006093812640756369,0.04019417241215706,0.00605873204767704
83,0.04010021686553955,0.0060938885435462,0.040209200233221054,0.0060877264477312565
84,0.04009157046675682,0.00609436072409153,0.040135908871889114,0.006055731792002916
85,0.040091365575790405,0.006094246171414852,0.040277447551488876,0.006034115795046091
86,0.04010695964097977,0.006093007046729326,0.04020136967301369,0.0060737961903214455
87,0.040100548416376114,0.0060945660807192326,0.04016663506627083,0.006083236541599035
88,0.04011495038866997,0.006095958407968283,0.04020102322101593,0.006081667263060808
89,0.04010565206408501,0.0060935537330806255,0.040175504982471466,0.006074181757867336
90,0.040119968354701996,0.006095279473811388,0.040189772844314575,0.006062643602490425
91,0.040082208812236786,0.006094418000429869,0.040224265307188034,0.006062272936105728
92,0.04010836035013199,0.00609577028080821,0.04020261391997337,0.006064348854124546
93,0.04007532075047493,0.006094659212976694,0.04018488898873329,0.0060511184856295586
94,0.040108822286129,0.006093761418014765,0.04031245410442352,0.0060841720551252365
95,0.04007177799940109,0.006094140000641346,0.04015941172838211,0.006075505167245865
96,0.040073495358228683,0.006093266885727644,0.04018422216176987,0.006053358782082796
97,0.040095508098602295,0.006093970965594053,0.040181852877140045,0.006068991497159004
98,0.040085844695568085,0.006092640571296215,0.04019951447844505,0.006063085049390793
99,0.04007144644856453,0.006093540694564581,0.0401969850063324,0.006091514136642218
