,disentangle loss,relative loss
0,0.18258958,0.2744665
1,0.18754044,0.2794779
2,0.17430559,0.25827742
3,0.17590536,0.26205844
4,0.17951678,0.26919654
5,0.18552324,0.2784356
6,0.18591443,0.27824193
7,0.18316622,0.27363735
8,0.19366504,0.28863642
9,0.17520544,0.26008898
10,0.17981501,0.26884842
11,0.17885531,0.26786518
12,0.17991425,0.26886064
13,0.17815942,0.26541704
14,0.17830524,0.26513207
15,0.17902076,0.26670063
16,0.17830674,0.2654451
17,0.17793863,0.2651742
18,0.17918529,0.26556262
19,0.18027788,0.26710647
20,0.6131436,0.92643344
21,0.28722194,0.3728844
22,0.22770838,0.28820264
23,0.21587269,0.28214368
24,0.20417392,0.2748698
25,0.1954918,0.26994458
26,0.19111323,0.2695198
27,0.1888826,0.2679814
28,0.18602304,0.26789314
29,0.18436216,0.26757547
30,0.18164779,0.26662952
31,0.18282627,0.2728361
32,0.17842518,0.26643354
33,0.17621216,0.26263255
34,0.17932577,0.26833093
35,0.18204005,0.27188653
36,0.17772612,0.26503235
37,0.17693439,0.26447847
38,0.18124421,0.27142668
39,0.18115927,0.27055365
40,0.17919885,0.2671783
