,disentangle loss,relative loss
0,0.17159764,0.24877563
1,0.17159839,0.24875492
2,0.17160013,0.24875516
3,0.17160118,0.24876592
4,0.17159851,0.2487733
5,0.17159759,0.24878186
6,0.17159744,0.24877569
7,0.17159882,0.24877287
8,0.17159793,0.24878705
9,0.17159928,0.2487354
10,0.17160681,0.24873921
11,0.17160597,0.24874252
12,0.17160583,0.24878532
13,0.17160584,0.24877433
14,0.1716031,0.24878758
15,0.17160396,0.2488015
16,0.17160575,0.2488513
17,0.17160548,0.24886166
18,0.17160493,0.24886236
19,0.17160483,0.24887809
20,0.17161596,0.24899909
21,0.1716168,0.24898002
22,0.17161979,0.24900404
23,0.17162025,0.24901785
24,0.17162083,0.24899103
25,0.17162092,0.24903575
26,0.17162044,0.24906841
27,0.17162038,0.24905682
28,0.17162313,0.24911098
29,0.17162912,0.24914086
30,0.17161492,0.24900219
31,0.17161435,0.24897517
32,0.1716129,0.24898139
33,0.17161243,0.24895088
34,0.17161287,0.2489194
35,0.1716095,0.24889795
36,0.17160822,0.24890776
37,0.17160705,0.24888217
38,0.17160682,0.24886724
39,0.17160727,0.24887305
40,0.17161003,0.24875213
41,0.17161065,0.24876183
42,0.17161188,0.24873401
43,0.1716081,0.24877228
44,0.17160726,0.24871163
45,0.17160623,0.24871352
46,0.17160618,0.24875323
47,0.17160536,0.24873166
48,0.17160326,0.24874781
49,0.17160177,0.24873425
